1111111111151111111111111111111111111111111111111111111111111111111111111111111111111111111111111111
1111111115115515111111111111111111111111111121111111111111111111111111111111111111111111111111111111
1111111111515151111111111111111111111111111112111111111111111111111111111111111111111111111111111111
1111111111115111111111111111111111111111111111211111111111111111111111111111111111111115151111111111
1111111111111111111111111111111111111111111121111111111111111111111111111111111111111111551111111111
1111111111111111111111111111111111111111111111211111111111111111111111111111111111111515155511111111
1141111111111111111111111111111111111111111111211111111111111111111111111111111111111115155111111111
1111411111111111111111111111111111111111111111112111111111111111111111111111111111111111515111111111
1141111111111111111111111111111111111111111111112211111111111111111111111111111111111111111111111111
1114111111111111111111111111111111111111111111111211111111111111111111111111111111111111111111111111
1141111111111111111111111111111111111111111111111121111111111111111111111111111111111111111111111111
1111111111111111111111111111111111111111111111111211111111111111111111111111111111111111111111111111
1111111111111111111111111111111111111111111111111111221111111111111111111111111111111111111111111111
1111111111111111111111111111111111111111111111111111111111111111111111111111111111111111111111111111
1111111111111111111111111113111111111111111111111111121111111111111111111111111111111141111111111111
1111111111111111111111113133131111111111111111111111111111111111111111111111111111111144441111111111
1111111111111111111111113131131111111111111111111111111111111111111111111111111111111114111111111111
1111111111111111111111111111111111111111111111111111112111111111111111111111111111111114111111111111
1111111111111111111111111111111111111111111111111111112111111111111111111111111111111111111111111111
1111111111111111111111111111111111111111111111111111112111111111111111111111111111111111111111111111